15 6939
260 609 219 921 643 276 803 969 741 58 536 353 156 931 415 
0 202 174 161 167 308 281 206 229 266 166 325 159 225 175 250 
202 0 58 41 51 188 165 71 109 150 46 141 43 105 40 130 
174 58 0 17 7 164 121 62 85 106 22 181 15 81 31 106 
161 41 17 0 10 147 124 45 68 109 5 164 2 64 14 89 
167 51 7 10 0 157 114 55 78 99 15 174 8 74 24 99 
308 188 164 147 157 0 271 192 205 256 142 216 149 201 161 226 
281 165 121 124 114 271 0 169 192 213 129 288 122 188 138 213 
206 71 62 45 55 192 169 0 113 154 50 209 47 109 31 134 
229 109 85 68 78 205 192 113 0 177 63 96 70 78 82 103 
266 150 106 109 99 256 213 154 177 0 114 267 107 173 123 198 
166 46 22 5 15 142 129 50 63 114 0 159 7 59 19 84 
325 141 181 164 174 216 288 209 96 267 159 0 166 174 178 199 
159 43 15 2 8 149 122 47 70 107 7 166 0 66 16 91 
225 105 81 64 74 201 188 109 78 173 59 174 66 0 78 25 
175 40 31 14 24 161 138 31 82 123 19 178 16 78 0 103 
250 130 106 89 99 226 213 134 103 198 84 199 91 25 103 0 
