8 3672
662 636 39 260 609 219 921 643 
0 252 623 194 353 394 187 336 252 
252 0 485 58 156 197 65 198 114 
623 485 0 476 485 444 469 287 371 
194 58 476 0 214 255 7 189 172 
353 156 485 214 0 41 221 209 236 
394 197 444 255 41 0 262 168 195 
187 65 469 7 221 262 0 182 179 
336 198 287 189 209 168 182 0 84 
252 114 371 172 236 195 179 84 0 
