8 2801
636 39 260 609 219 921 643 276 
0 543 205 58 156 99 198 281 114 
543 0 546 485 455 444 539 287 484 
205 546 0 263 286 304 7 259 91 
58 485 263 0 214 41 256 223 172 
156 455 286 214 0 187 279 168 195 
99 444 304 41 187 0 297 182 213 
198 539 7 256 279 297 0 252 84 
281 287 259 223 168 182 252 0 336 
114 484 91 172 195 213 84 336 0 
