43 16532
643 276 803 969 741 58 536 353 156 931 415 541 981 444 836 41 187 521 551 7 646 503 835 505 287 862 444 168 182 252 114 484 844 848 195 452 84 799 864 663 209 662 853 
0 106 116 110 131 117 111 63 155 108 140 77 31 130 126 95 132 152 92 93 62 174 14 172 205 118 70 128 58 120 196 22 76 196 72 122 98 128 136 156 111 94 116 143 
106 0 10 147 109 99 5 73 79 2 66 59 108 54 94 148 69 87 102 91 92 107 92 66 131 38 84 24 98 102 206 128 86 116 82 16 58 22 146 52 151 12 36 111 
116 10 0 157 99 109 15 83 69 8 76 69 114 44 90 146 79 97 112 81 102 117 102 76 141 48 94 14 108 112 216 120 96 126 92 26 68 12 156 62 147 22 26 121 
110 147 157 0 196 195 142 141 96 149 213 155 141 121 204 205 186 234 170 158 172 244 124 213 278 184 180 151 124 198 270 88 154 262 150 163 164 153 214 189 221 159 163 221 
131 109 99 196 0 134 114 125 100 107 147 139 162 75 185 125 140 196 124 38 69 112 117 175 212 147 77 105 189 182 243 153 138 225 116 125 167 107 180 161 141 121 117 175 
117 99 109 195 134 0 104 54 158 101 125 40 148 133 117 157 95 186 83 96 101 180 131 165 190 90 93 123 110 83 187 139 67 168 63 115 70 121 127 148 168 111 135 134 
111 5 15 142 114 104 0 78 84 7 71 64 113 59 89 153 64 92 107 96 97 102 97 71 136 43 89 29 103 107 211 133 91 121 87 21 63 27 151 57 156 17 41 116 
63 73 83 141 125 54 78 0 149 75 89 14 94 124 63 112 69 160 29 87 56 126 77 126 154 111 48 97 121 57 133 85 13 189 9 89 124 95 73 116 120 85 109 80 
155 79 69 96 100 158 84 149 0 77 145 138 173 25 135 114 90 146 178 62 93 170 141 145 202 117 101 55 177 181 232 161 162 195 140 95 137 57 196 131 130 91 67 170 
108 2 8 149 107 101 7 75 77 0 68 61 106 52 96 150 71 89 104 89 94 109 94 68 133 40 86 22 100 104 208 128 88 118 84 18 60 20 148 54 153 14 34 113 
140 66 76 213 147 125 71 89 145 68 0 103 171 120 152 134 135 153 92 109 78 173 126 132 65 75 70 90 95 146 222 131 76 153 98 50 55 88 162 118 150 78 102 143 
77 59 69 155 139 40 64 14 138 61 103 0 108 113 77 126 55 146 43 101 70 140 91 125 168 97 62 83 110 43 147 99 27 175 23 75 110 81 87 108 134 71 95 94 
31 108 114 141 162 148 113 94 173 106 171 108 0 148 157 64 163 183 123 124 93 143 45 174 236 146 101 118 89 151 182 53 107 224 103 124 129 120 167 160 80 120 130 120 
130 54 44 121 75 133 59 124 25 52 120 113 148 0 110 102 65 121 153 37 68 145 116 120 177 92 76 30 152 156 220 136 137 170 115 70 112 32 171 106 118 66 42 158 
126 94 90 204 185 117 89 63 135 96 152 77 157 110 0 144 106 181 92 147 119 189 140 160 217 132 111 80 151 120 196 148 76 210 72 110 152 78 136 53 128 106 92 143 
95 148 146 205 125 157 153 112 114 150 134 126 64 102 144 0 161 138 107 87 56 79 104 214 189 186 64 132 153 169 118 117 123 264 103 132 189 134 150 108 16 160 144 56 
132 69 79 186 140 95 64 69 90 71 135 55 163 65 106 161 0 135 98 102 125 166 146 135 200 107 117 93 100 98 202 136 82 185 78 85 127 91 142 53 171 81 105 149 
152 87 97 234 196 186 92 160 146 89 153 146 183 121 181 138 135 0 133 158 179 185 155 153 218 125 171 111 185 189 256 174 149 203 169 103 145 109 233 137 122 75 123 82 
92 102 112 170 124 83 107 29 178 104 92 43 123 153 92 107 98 133 0 116 85 129 106 155 157 140 77 126 150 86 162 114 16 218 38 118 147 124 102 145 91 114 138 51 
93 91 81 158 38 96 96 87 62 89 109 101 124 37 147 87 102 158 116 0 31 150 79 157 174 129 39 67 151 144 205 115 100 207 78 107 149 69 142 143 103 103 79 143 
62 92 102 172 69 101 97 56 93 94 78 70 93 68 119 56 125 179 85 31 0 135 48 158 143 130 8 98 120 113 174 84 69 208 47 76 133 100 111 144 72 104 110 112 
174 107 117 244 112 180 102 126 170 109 173 140 143 145 189 79 166 185 129 150 135 0 183 173 236 145 143 115 205 183 197 196 113 223 135 123 165 117 197 159 63 119 127 103 
14 92 102 124 117 131 97 77 141 94 126 91 45 116 140 104 146 155 106 79 48 183 0 158 191 130 56 116 72 134 210 36 90 208 86 108 112 114 150 142 120 80 128 157 
172 66 76 213 175 165 71 126 145 68 132 125 174 120 160 214 135 153 155 157 158 173 158 0 197 104 150 90 164 168 259 194 139 182 135 82 124 88 199 118 217 78 102 177 
205 131 141 278 212 190 136 154 202 133 65 168 236 177 217 189 200 218 157 174 143 236 191 197 0 140 135 147 160 211 287 196 141 218 163 115 120 145 227 183 173 143 159 208 
118 38 48 184 147 90 43 111 117 40 75 97 146 92 132 186 107 125 140 129 130 145 130 104 140 0 122 62 60 140 244 96 124 78 120 54 20 60 184 90 189 50 74 149 
70 84 94 180 77 93 89 48 101 86 70 62 101 76 111 64 117 171 77 39 8 143 56 150 135 122 0 100 128 105 181 92 61 200 39 68 125 102 103 136 80 96 112 120 
128 24 14 151 105 123 29 97 55 22 90 83 118 30 80 132 93 111 126 67 98 115 116 90 147 62 100 0 122 126 230 106 110 140 106 40 82 2 161 76 148 36 12 135 
58 98 108 124 189 110 103 121 177 100 95 110 89 152 151 153 100 185 150 151 120 205 72 164 160 60 128 122 0 153 226 36 134 138 130 114 40 120 194 150 169 110 130 194 
120 102 112 198 182 83 107 57 181 104 146 43 151 156 120 169 98 189 86 144 113 183 134 168 211 140 105 126 153 0 190 142 70 218 66 118 153 124 130 151 177 114 138 137 
196 206 216 270 243 187 211 133 232 208 222 147 182 220 196 118 202 256 162 205 174 197 210 259 287 244 181 230 226 190 0 218 146 322 142 200 257 228 206 226 134 218 242 174 
22 128 120 88 153 139 133 85 161 128 131 99 53 136 148 117 136 174 114 115 84 196 36 194 196 96 92 106 36 142 218 0 98 174 94 144 76 108 158 178 133 116 94 158 
76 86 96 154 138 67 91 13 162 88 76 27 107 137 76 123 82 149 16 100 69 113 90 139 141 124 61 110 134 70 146 98 0 202 22 102 131 108 86 129 107 98 122 67 
196 116 126 262 225 168 121 189 195 118 153 175 224 170 210 264 185 203 218 207 208 223 208 182 218 78 200 140 138 218 322 174 202 0 198 132 98 138 262 168 267 128 152 227 
72 82 92 150 116 63 87 9 140 84 98 23 103 115 72 103 78 169 38 78 47 135 86 135 163 120 39 106 130 66 142 94 22 198 0 98 133 104 64 125 119 94 118 89 
122 16 26 163 125 115 21 89 95 18 50 75 124 70 110 132 85 103 118 107 76 123 108 82 115 54 68 40 114 118 200 144 102 132 98 0 74 38 162 68 148 28 52 127 
98 58 68 164 167 70 63 124 137 60 55 110 129 112 152 189 127 145 147 149 133 165 112 124 120 20 125 82 40 153 257 76 131 98 133 74 0 80 197 110 205 70 94 169 
128 22 12 153 107 121 27 95 57 20 88 81 120 32 78 134 91 109 124 69 100 117 114 88 145 60 102 2 120 124 228 108 108 138 104 38 80 0 159 74 150 34 14 133 
136 146 156 214 180 127 151 73 196 148 162 87 167 171 136 150 142 233 102 142 111 197 150 199 227 184 103 161 194 130 206 158 86 262 64 162 197 159 0 173 134 158 173 153 
156 52 62 189 161 148 57 116 131 54 118 108 160 106 53 108 53 137 145 143 144 159 142 118 183 90 136 76 150 151 226 178 129 168 125 68 110 74 173 0 124 62 88 163 
111 151 147 221 141 168 156 120 130 153 150 134 80 118 128 16 171 122 91 103 72 63 120 217 173 189 80 148 169 177 134 133 107 267 119 148 205 150 134 124 0 163 160 40 
94 12 22 159 121 111 17 85 91 14 78 71 120 66 106 160 81 75 114 103 104 119 80 78 143 50 96 36 110 114 218 116 98 128 94 28 70 34 158 62 163 0 48 123 
116 36 26 163 117 135 41 109 67 34 102 95 130 42 92 144 105 123 138 79 110 127 128 102 159 74 112 12 130 138 242 94 122 152 118 52 94 14 173 88 160 48 0 147 
143 111 121 221 175 134 116 80 170 113 143 94 120 158 143 56 149 82 51 143 112 103 157 177 208 149 120 135 194 137 174 158 67 227 89 127 169 133 153 163 40 123 147 0 
