20 10352
609 219 921 643 276 803 969 741 58 536 353 156 931 415 541 981 444 836 41 187 
0 202 195 282 196 168 112 261 101 107 155 99 157 141 233 236 259 203 177 234 61 
202 0 7 263 143 182 116 216 105 111 70 103 237 84 31 207 206 207 171 264 141 
195 7 0 270 136 189 109 209 98 104 63 96 230 77 38 200 199 200 174 257 134 
282 263 270 0 152 114 231 178 216 226 225 218 352 211 232 203 89 114 207 273 256 
196 143 136 152 0 214 84 191 99 89 73 97 231 59 174 208 63 127 55 121 135 
168 182 189 114 214 0 172 263 161 167 141 159 293 155 213 278 203 203 237 335 197 
112 116 109 231 84 172 0 149 15 5 69 13 147 55 147 124 147 117 65 205 51 
261 216 209 178 191 263 149 0 164 154 162 162 238 176 247 25 128 64 142 114 200 
101 105 98 216 99 161 15 164 0 10 54 2 136 40 136 139 162 102 80 220 40 
107 111 104 226 89 167 5 154 10 0 64 8 142 50 142 129 152 112 70 210 46 
155 70 63 225 73 141 69 162 54 64 0 56 190 14 101 137 136 156 128 194 94 
99 103 96 218 97 159 13 162 2 8 56 0 134 42 134 137 160 104 78 218 38 
157 237 230 352 231 293 147 238 136 142 190 134 0 176 268 213 294 238 212 124 96 
141 84 77 211 59 155 55 176 40 50 14 42 176 0 115 151 122 142 114 180 80 
233 31 38 232 174 213 147 247 136 142 101 134 268 115 0 235 237 238 202 295 172 
236 207 200 203 208 278 124 25 139 129 137 137 213 151 235 0 153 89 167 89 175 
259 206 199 89 63 203 147 128 162 152 136 160 294 122 237 153 0 64 118 184 198 
203 207 200 114 127 203 117 64 102 112 156 104 238 142 238 89 64 0 182 178 142 
177 171 174 207 55 237 65 142 80 70 128 78 212 114 202 167 118 182 0 176 116 
234 264 257 273 121 335 205 114 220 210 194 218 124 180 295 89 184 178 176 0 220 
61 141 134 256 135 197 51 200 40 46 94 38 96 80 172 175 198 142 116 220 0 
