10 5480
39 260 609 219 921 643 276 803 969 741 
0 58 344 156 48 41 335 162 240 162 157 
58 0 350 214 106 99 393 168 195 104 99 
344 350 0 415 296 303 583 182 391 262 257 
156 214 415 0 204 197 491 252 84 318 313 
48 106 296 204 0 7 287 114 288 191 186 
41 99 303 197 7 0 294 121 281 187 192 
335 393 583 491 287 294 0 401 575 478 473 
162 168 182 252 114 121 401 0 209 211 206 
240 195 391 84 288 281 575 209 0 299 294 
162 104 262 318 191 187 478 211 299 0 5 
157 99 257 313 186 192 473 206 294 5 0 
