20 10572
219 921 643 276 803 969 741 58 536 353 156 931 415 541 981 444 836 41 187 521 
0 218 7 159 287 121 185 180 187 126 163 182 311 140 31 185 96 121 171 120 157 
218 0 211 137 204 97 195 98 104 92 63 96 254 78 198 214 200 200 162 138 101 
7 211 0 152 294 114 178 173 183 119 170 175 318 133 38 178 89 114 178 127 164 
159 137 152 0 168 78 84 99 109 73 191 101 391 59 179 109 63 148 55 116 153 
287 204 294 168 0 220 252 161 167 215 141 159 438 201 305 267 231 203 223 216 179 
121 97 114 78 220 0 149 59 69 5 160 61 351 19 111 124 141 161 65 126 157 
185 195 178 84 252 149 0 166 176 154 210 168 431 143 216 25 147 64 139 135 172 
180 98 173 99 161 59 166 0 10 54 136 2 352 40 160 166 162 102 124 126 98 
187 104 183 109 167 69 176 10 0 64 142 8 358 50 170 176 172 112 134 132 104 
126 92 119 73 215 5 154 54 64 0 155 56 346 14 106 129 136 156 70 131 152 
163 63 170 191 141 160 210 136 142 155 0 134 297 141 164 235 165 238 136 75 38 
182 96 175 101 159 61 168 2 8 56 134 0 350 42 162 168 164 104 126 124 96 
311 254 318 391 438 351 431 352 358 346 297 350 0 332 342 454 407 432 357 296 259 
140 78 133 59 201 19 143 40 50 14 141 42 332 0 120 143 122 142 84 145 138 
31 198 38 179 305 111 216 160 170 106 164 162 342 120 0 216 127 152 150 89 126 
185 214 178 109 267 124 25 166 176 129 235 168 454 143 216 0 172 64 164 160 197 
96 200 89 63 231 141 147 162 172 136 165 164 407 122 127 172 0 203 118 179 203 
121 200 114 148 203 161 64 102 112 156 238 104 432 142 152 64 203 0 203 177 200 
171 162 178 55 223 65 139 124 134 70 136 126 357 84 150 164 118 203 0 61 98 
120 138 127 116 216 126 135 126 132 131 75 124 296 145 89 160 179 177 61 0 37 
157 101 164 153 179 157 172 98 104 152 38 96 259 138 126 197 203 200 98 37 0 
